128
94.1304
65.2081
20.3390
64.7777
7.9969
39.1622
68.3267
96.0499
80.6394
48.4418
76.4349
43.5096
97.9616
99.3930
85.6905
38.5411
46.3943
27.1930
79.2949
86.4747
92.0208
55.6903
59.5207
14.5589
88.6517
44.5582
19.3906
89.4177
76.4345
88.5101
28.1715
67.0937
77.2545
89.7586
101.3748
93.4562
60.6198
96.3267
26.4152
12.3197
16.1469
30.7488
56.0272
51.4721
1.1846
78.5610
17.8533
28.5014
87.0128
98.8422
100.1553
81.0386
100.0907
80.3925
74.4248
55.4697
68.9016
74.0086
16.0614
99.5805
11.8785
67.9803
96.5815
63.7029
43.9945
83.6241
50.5300
10.7138
37.9526
50.4412
95.8878
87.0813
65.9019
81.9119
101.8716
94.7874
29.0043
97.3672
25.4258
99.7193
56.8069
73.5524
96.4401
67.4327
97.3465
56.1148
64.4482
99.3340
102.4985
98.5882
99.7961
81.4784
30.8713
62.1433
73.6269
24.4679
74.2934
39.0104
14.1589
62.3225
92.0735
54.8771
69.9126
59.1627
16.7776
58.2590
58.1032
63.9004
84.1368
71.1333
94.8799
56.7102
74.8775
72.0332
54.9870
88.6990
51.2459
29.4839
75.8794
20.7011
93.6756
59.3367
98.4660
79.0203
102.3998
80.5024
84.9940
73.8045